---
build/images/me.jpg: 2022-12-09 02:42:30.784561492 +00:00
build/images/background.png: 2023-08-07 21:22:52.140264806 +01:00
