---
build/images/me.jpg: 2022-12-09 11:35:47.517818089 +11:00
build/images/background.png: 2022-12-09 11:35:47.341232189 +11:00
