---
build/images/me.jpg: 2022-12-09 13:42:30.784561492 +11:00
build/images/background.png: 2022-12-09 13:42:30.583992655 +11:00
